10199
6409
5053
1281
1286
2080
6509
667
4726
6423
5109
7074
5360
6443
1125
5528
481
368
5170
4915
10254
9023
8397
6607
6229
3925
1533
8960
1114
7762
1068
1760
5251
6366
6796
3235
1532
4864
3099
5407
9710
6249
4255
543
6063
2249
3450
5800
2126
3949
6656
6149
639
8841
1275
1333
5973
7084
6592
665
1547
8657
4571
6878
1258
6181
4313
673
931
4035
8401
1895
10318
7806
526
4176
1666
5305
9992
8
9387
7470
662
5604
5256
3698
4941
6619
5880
8904
1926
1087
1560
971
2110
1512
5874
5220
2241
429
6296
8300
6907
4561
8638
5206
3209
5747
10084
1207
5320
4381
8783
1348
6360
2047
2100
9794
274
5197
9828
6165
4519
9932
454
943
9696
9306
7091
6571
1347
6958
208
6545
1636
2014
922
6728
311
4390
1124
6537
4479
6904
3154
743
342
2482
4904
4796
10134
8471
5295
7077
3131
4602
6629
5308
220
5482
683
6363
9745
3264
4001
930
1688
6813
1988
425
6636
6976
9231
5114
2234
1635
613
6923
2420
7519
6915
2029
2883
5446
927
1205
3862
9907
182
5828
1340
2368
258
453
8645
1021
6590
5811
2361
5164
7836
6926
446
7322
6982
101
8246
5928
7135
6371
5930
1122
6237
2380
8206
3417
3415
6160
7600
3317
1983
9634
2948
2931
85
4109
9822
5345
9453
9456
8388
766
6869
913
382
8458
5715
8216
741
2750
2355
2036
9030
5481
335
4071
3232
5572
5814
6604
1020
6402
1534
1277
5678
67
3262
9653
1451
6767
9392
411
5352
6816
3950
7192
9060
5958
1970
6074
6151
5303
8048
9614
1397
9652
5959
4681
5165
4817
205
4677
9314
7498
2005
5766
1418
3168
8126
5059
3437
5991
53
4621
9381
7549
9875
9468
8213
5927
357
2887
8992
4061
7754
7101
4083
7939
146
4779
5410
10135
2254
5138
8373
6227
8351
1119
6690
7075
8293
4483
1322
700
1374
5448
3212
649
9058
4583
6578
664
4136
1149
64
1033
9305
4691
5389
7134
7406
2876
7804
539
2606
9680
6980
3225
1804
6631
489
280
1698
8166
7598
6486
1199
2426
3126
1100
1309
5358
5217
1172
3381
8769
7739
9425
7620
1475
9404
3933
5234
4961
7105
531
3759
9010
5778
9217
6853
4224
4150
10293
6519
10159
95
2401
5137
6478
5510
2922
823
8620
2429
390
5039
1894
611
6543
9503
5848
5710
6283
3771
10280
5314
2290
756
4848
9925
5291
6433
5079
5404
813
9526
8483
6666
6484
3346
1173
9786
5976
520
4412
8416
2878
7210
4760
5636
6681
9421
2335
7239
8112
1488
2370
7911
9552
5818
7419
3407
3858
4572
794
6750
7171
688
8937
5324
9005
4780
5698
7393
8114
7350
5892
6020
589
1311
4258
162
6382
2236
180
1625
5287
8091
5987
7613
9756
8081
1505
1619
7466
1929
9829
7540
6887
5264
138
1821
4166
6155
3779
2460
5516
1108
7270
2463
4329
2284
8378
2980
6201
6422
4060
7984
1877
6333
6447
8349
4530
5865
9908
972
4451
2183
3793
7522
8583
2850
8943
3780
784
7481
7929
7297
183
4810
7266
5823
744
830
5792
5450
4909
2476
158
1761
6867
5012
8708
5309
5536
3066
6641
1208
9286
5969
10294
8207
8232
7747
2975
3191
2693
5587
5939
6791
2518
3350
8338
8599
2181
5083
4145
4912
5269
966
1110
8993
652
1195
2494
2300
1350
5124
7415
7728
1735
617
936
8500
7052
7412
9172
4731
4510
1196
942
10322
4836
9032
7204
6013
904
9817
5273
6812
5438
1031
1387
5949
7263
4421
564
3528
10213
4270
1596
4701
1917
5553
7740
1138
5143
8480
1613
4735
8747
5881
6450
9454
6026
7494
1486
836
6320
6319
10058
5084
3297
10286
111
1331
2511
2696
7715
2451
6089
9847
7026
4818
7849
712
6256
828
333
3613
1843
8317
9953
193
1010
3091
4157
1452
6821
157
5842
2207
9859
6606
5912
497
657
8275
10016
6024
5476
555
6847
518
5435
9379
3158
6367
2539
2215
1558
5556
5236
7890
10145
5241
6520
3248
2334
603
3197
5681
2504
8578
8704
2371
5824
10311
305
1801
1774
10313
224
3186
1377
4695
5816
6897
6769
2926
1431
308
595
6170
4305
8785
2954
3253
6573
7116
3337
656
2255
1920
949
5819
8271
1835
6194
10262
1193
124
5581
9715
5186
7159
5157
5258
4204
9200
1443
1474
10059
269
9743
3132
4770
939
9592
1689
9707
4832
142
7735
5493
5666
9543
2672
177
5027
2874
5353
4866
341
3229
2737
5073
6886
6311
482
8818
2373
5056
4918
5171
5441
9081
474
5334
8278
672
5058
5607
1773
93
4135
8244
6251
658
5182
2379
5521
6350
9974
2324
2507
5400
6873
10028
1770
8986
9658
648
3073
4046
9563
5858
2320
5731
5990
5200
352
8957
1
7628
10139
367
6511
1953
8320
1174
1963
2914
3708
2270
7205
5923
9509
495
2111
674
3879
10041
2292
5219
6961
2049
8021
1824
8559
2941
800
7102
2569
2751
4849
9189
8924
6446
9299
4618
4995
2256
1284
1166
7058
3315
9211
2124
9662
9357
9
2859
6067
7654
670
4687
3694
6022
8598
630
9929
4977
3797
6744
2602
4783
2435
2228
6942
8526
8211
621
10146
6768
6693
5139
5505
2943
9698
3731
4095
4529
5703
678
2120
6158
569
303
540
9821
4751
6547
3782
156
7344
1287
2310
5207
6271
4407
2593
2288
1476
7250
4604
6032
5105
8139
6696
9619
2134
9373
4450
402
8948
8690
2500
441
1404
8359
3978
5735
5396
6395
3892
3106
4336
9407
8877
196
7336
9080
7157
3260
6774
7734
4804
1291
2275
6504
5045
4333
1262
7875
7449
5603
8681
4190
6430
8825
7158
9741
3684
3746
2903
8746
4452
6539
8683
7705
2400
4513
226
7319
9318
3479
2122
7798
1935
6531
7593
9477
6529
10050
1538
6552
10031
443
9533
4833
9525
1201
2458
3185
6377
9057
6900
1637
2015
8261
9998
5926
6313
5005
9095
4593
1351
1719
1079
533
3074
8972
2884
2325
5709
498
260
2283
8366
8590
9148
6803
1062
6699
9648
757
710
9253
8047
1606
895
8633
5289
5382
9150
1094
2227
9621
5700
5199
1329
8185
2348
7564
9204
5876
7427
6098
1727
7670
5910
5072
6956
5301
5887
1487
8253
5997
3702
3263
8145
6145
5539
2466
4921
6204
10251
5246
7176
1028
7136
1614
7983
2864
8192
6799
7520
6743
5042
1996
7253
9704
6727
349
7144
8550
2281
6894
7330
6872
844
1499
2405
5714
6671
1648
10307
8619
5311
9759
5794
3501
811
522
299
3424
1659
6345
6021
6772
1265
6259
6434
7884
8494
4622
6925
1280
9730
7614
7543
6444
8038
4705
2442
1210
7497
2336
6614
837
7789
8766
2730
7757
7283
3943
4585
1984
3824
4717
8163
7195
9630
2446
7160
9264
6584
1460
440
8863
4678
6771
1718
6652
5243
4759
1554
2346
5495
6076
29
4741
8310
7965
6340
4993
1818
2263
1116
7932
3723
7699
9208
6411
1622
10297
366
2416
5589
254
408
8195
8594
7736
5153
4873
5559
8303
8159
6390
7702
1093
8135
9842
4440
5144
3591
5827
8363
6522
1823
1925
8817
8049
4517
1502
901
6473
6419
8468
8591
777
5664
1052
5036
5732
1932
1949
4722
5519
2472
9733
9511
5293
2104
7678
3419
8269
984
9918
16
1293
10200
6598
3273
9793
313
1808
3944
9093
5406
1827
8233
1246
5439
243
6475
6309
9099
8239
223
94
1621
9142
8889
8733
10121
1375
6448
6651
5347
4372
8432
3843
3391
1969
5272
3421
8597
6421
10098
6305
8212
7712
8429
9362
8639
4908
1478
8478
6866
9226
9758
9513
4752
4491
9344
1571
5884
163
8918
9827
772
9370
2640
6779
1575
436
7508
598
9400
4082
444
7302
8965
9784
5946
1966
8447
1367
2950
4436
3242
7894
9463
8385
8486
2459
7719
6560
3511
8374
7987
3023
769
5896
3156
2327
3956
7710
4972
5974
1248
8441
6111
7822
7235
999
3175
2917
6793
8133
3458
5244
3503
5639
288
7174
7746
6107
745
4732
54
3161
7794
406
3524
1396
3928
9954
4567
2649
8052
6646
6998
4449
2106
9532
5734
5151
9390
2107
7597
5372
550
8087
4550
257
4586
2578
9636
6178
1180
1373
10278
9650
1321
7085
3194
8238
3397
1307
4630
6228
9313
6393
5855
10044
891
5960
5841
3958
181
6589
2634
8180
2001
6898
807
2716
2345
960
1432
1924
7477
5434
5367
3822
3997
10161
5804
4789
7230
3094
5638
5847
1686
5746
99
6438
2832
2916
148
2222
2812
2869
244
1063
1507
9732
654
8291
3
82
2019
693
468
3502
5885
4146
92
3563
5188
5085
1391
71
331
6082
6764
10156
1500
5183
395
5486
4680
1337
45
5768
2302
5762
359
3716
30
2929
726
7476
6224
5201
4928
5786
68
4413
8623
6186
5385
3827
1690
74
1181
9016
9336
3805
4576
1759
675
1266
642
1577
6508
5388
3279
1054
10193
2831
2332
890
2940
353
1754
3948
1937
9209
4221
2857
1212
4707
4698
1833
465
819
3651
2655
5870
826
6306
1631
9637
6751
2803
1813
2041
3682
9021
1975
3380
9608
6627
10095
736
516
5454
6314
40
9008
238
4693
2021
1416
5774
9166
9297
9943
9122
6124
9395
9475
4458
7698
2338
3218
3198
5348
2839
9664
5473
6521
1479
8164
1279
2490
5765
3139
8837
707
332
4850
6301
5253
6381
7980
3581
5159
7612
8249
4623
5254
6442
1305
2728
2009
735
686
3326
8332
5202
9845
1156
4101
8285
9154
1005
1700
9025
6524
6702
1237
2432
25
1805
9295
6096
470
6276
758
6288
3377
8190
5292
179
1811
3735
4404
2939
8307
227
2953
7727
1993
7601
3114
3336
6361
1701
1834
614
4360
5076
9384
2329
3882
379
8940
3968
9517
3193
4596
781
7309
2299
5447
10246
1498
4869
827
703
1077
9155
6999
7626
1525
9705
7529
10162
593
2946
1316
372
1269
5966
6307
10119
2768
6523
8637
2273
978
3988
2532
6470
270
7243
165
7271
2312
1112
5825
1840
265
7303
7502
3861
5665
9678
4420
2483
4663
4411
1103
188
7625
634
9528
6196
2144
1565
346
266
1066
6761
9274
7553
383
7513
6334
5738
100
2581
7120
5052
9219
947
1660
567
3305
5457
4383
5260
8214
1974
9824
9606
8104
4299
4374
4830
6291
1336
692
1137
5068
6564
9480
9957
6135
4802
6557
6115
3926
789
209
5081
9677
5574
1778
2854
8507
4523
6481
7552
8721
915
1415
1130
6068
9778
9084
6431
4806
9945
2079
10020
9343
5001
6801
7348
1684
2657
10124
2191
877
7337
1355
7499
3245
1109
2206
9695
6398
1896
10167
2378
4641
2017
4816
4715
846
5196
5402
3515
1456
6317
6893
8108
3383
4164
3160
5412
1477
7528
237
6811
934
8595
5922
7108
9102
6254
9691
6274
9393
7503
2447
1978
1876
384
5729
6535
1649
989
7696
6512
5758
723
3230
261
4958
4577
8830
6357
2062
5576
2974
6820
2024
7064
10046
2233
12
8299
6778
7255
2364
7151
4165
3936
9029
6286
2
8461
1483
7484
2800
3238
5223
4502
4303
5755
3324
9138
1272
2114
8379
6352
1669
38
8951
4688
3135
494
1440
6118
4023
1343
6463
3919
8779
5631
6294
880
4865
7334
7865
8134
7257
5891
2102
5235
7447
6365
5901
2961
8914
737
6883
4062
6011
2245
4424
2474
1256
7115
5623
9028
5984
1878
6487
3327
9879
787
519
9339
6937
9919
5366
6355
6966
7152
5089
1044
8422
3800
804
1889
7685
5935
9067
404
6344
2583
1357
1844
6241
5093
4348
1509
9365
7349
5754
5238
428
1530
5408
222
8976
264
1198
4956
3923
6874
6997
1127
10130
1060
6638
9627
528
1434
9499
4923
5640
4124
3257
5740
10235
5134
9545
7847
562
9340
6755
5985
578
7695
5540
4588
5616
487
9666
4209
6955
583
2814
2090
6208
9596
3896
9911
5965
6432
3118
5871
1977
752
7050
7194
6292
8573
4039
6876
2493
2388
8707
5543
8653
7281
4716
1176
4096
8396
6550
6510
6668
2637
4819
808
5602
10309
9976
7533
8492
127
1403
8093
9833
4179
7666
7532
6667
1771
10328
1617
4471
8245
1763
4659
6889
2086
9742
8386
4391
8967
2858
3940
1064
575
2601
1072
5107
3929
286
8235
2406
5237
6775
5240
1934
4422
9090
906
3205
9247
1722
3190
1323
4495
1088
4526
1036
9422
8892
6544
5757
5826
7723
7492
887
324
9455
6203
6144
4403
646
6960
424
8302
7306
3332
449
6103
9674
5702
3062
1170
6734
7246
21
5100
759
253
6881
3022
7490
8131
1402
6770
4891
3865
6688
9430
2357
5249
9396
4902
2083
1221
8820
7441
5849
10138
6603
10034
8628
6612
9444
1192
5370
8321
718
8607
782
8395
3134
78
8137
3102
5951
791
5854
6477
7424
9366
9993
8089
307
6760
1682
8171
620
268
171
1146
7185
2888
2394
9535
509
806
2440
317
2407
5972
8318
9034
10304
9968
4673
6177
6496
9075
5941
312
5599
4922
1092
6416
10102
6131
1647
2905
7732
586
7658
2505
1203
8354
870
5397
2986
9386
9337
5403
9152
7575
1820
6091
9389
7182
9018
645
2481
2250
8217
302
7537
2280
1274
9051
3772
9437
5149
2445
5554
9693
4709
1104
5458
8773
3178
5503
2097
7335
6375
1376
1441
2075
2924
7767
1216
8264
373
6140
3767
6698
2997
7060
5875
2177
6084
10005
6059
6993
6814
2733
4128
1480
4133
6946
5680
7453
10105
600
1226
1228
287
7609
3077
2747
6064
859
3532
1661
9967
6066
8408
1721
605
9271
8254
2311
2264
2821
4064
4730
967
7578
3693
547
10321
9736
6460
6717
2398
7197
4379
6527
4556
5918
3649
2403
2712
1065
170
1766
9915
8935
5386
3085
2661
6593
6934
760
910
1247
3111
3804
5761
9656
1927
9728
2307
1339
6009
1482
9234
8170
1055
7155
7752
1674
8772
1133
7505
9374
7574
5769
1335
10125
7560
7659
7756
8265
381
10024
7112
1850
3316
6660
376
1002
358
5080
3187
1223
5387
3436
6648
5465
6415
5511
9820
5518
5641
572
5205
2381
8181
9157
7265
4465
7636
1261
3339
7226
1372
4755
3151
6048
4744
788
7229
5483
135
2454
6848
9334
7706
6052
221
8780
5873
4154
6984
9202
3384
2033
8548
9632
740
219
7109
3409
1540
1880
3894
3482
5154
725
9213
6971
1145
234
4345
4040
3108
834
7937
1615
7400
9618
5796
491
3148
5898
2306
132
5071
6157
1437
1971
2351
3992
810
5173
3872
4903
5427
2139
5461
9290
1289
6418
9912
691
6851
149
3181
708
9235
4098
1952
4611
5259
5369
3331
3033
4899
5618
2198
4962
2827
8284
5338
4599
2319
4371
9941
8262
7128
1541
6033
1297
3199
1490
7141
6676
8267
186
5145
861
8980
2510
5712
334
6369
5596
1267
9548
1997
6223
731
1548
8130
5442
3110
8673
4679
3259
1398
8280
1299
7227
2204
6789
7565
1420
1521
6199
6445
1960
1168
5078
1982
5561
9426
8601
7618
10164
4652
9738
4689
9136
2992
4323
3975
1445
7717
839
6642
5485
3506
7569
1514
2592
1142
1546
2010
7053
6864
4557
892
6266
10043
9055
3010
5977
2099
32
39
7016
3113
6290
9203
2211
2818
3310
2925
1073
4803
6414
6689
7707
724
763
8913
119
9722
7153
8787
5233
8328
850
469
9331
9837
1091
9830
5699
1123
1941
6798
3513
6682
7216
6083
3811
1308
3871
8045
6591
9797
8210
4887
845
500
2274
2792
8263
4301
2322
6232
7087
7096
6892
5601
1155
9287
9566
6899
1539
6794
8720
4505
7148
7584
9265
5653
1909
8463
5041
4719
5547
10030
4874
780
1016
6924
3747
795
6356
345
7538
1892
1179
2246
6826
1462
2847
8196
1998
1187
7199
6247
6624
7296
4180
968
9184
5498
3422
8250
530
1633
5392
5250
5501
228
8372
7213
5933
9176
7403
2973
798
6403
6123
1394
5007
4370
6436
1753
6617
5943
9304
5980
6905
5037
2979
8157
326
8826
2383
1446
10
7001
3155
6282
5619
2397
5517
6969
3546
5175
5993
1358
4488
5179
1438
8751
619
8702
7127
9046
10061
14
5752
4262
4462
2486
7646
7596
9327
3900
6901
9538
2648
1513
775
6746
5228
6605
7748
1887
1739
5278
5936
5028
4645
5944
3201
8905
15
5363
3269
4538
2555
3138
8399
6639
1523
1043
6220
1902
1989
1136
6891
2965
4978
7325
1497
7391
2006
5064
1643
8324
6818
5192
49
1326
9452
2791
3121
6051
6137
8279
8827
1816
5669
911
594
4631
327
284
2359
961
7550
7627
833
2921
8864
7111
2702
5937
6819
400
2295
4121
7761
1522
793
7079
6959
2752
91
8155
5627
5744
9423
6454
8208
9900
6588
7737
5900
9617
7321
7751
7776
2598
9461
7461
5445
5166
1399
488
4243
2448
10136
2271
1958
2456
1037
3173
369
1517
5906
1583
7606
3103
7725
5346
4038
10063
5852
1467
5726
705
979
3321
3982
4011
1923
9913
6862
4445
9755
6435
3758
8436
7684
5742
6634
2412
7305
1657
2952
5055
8891
3461
9553
6077
6503
5644
8298
1954
3032
9466
10299
3863
9748
9848
9413
8879
9997
6471
9205
6962
8966
2644
6596
7554
9359
4889
3527
5954
2252
6138
9909
2395
3081
980
8880
1986
4883
8581
3725
7592
8949
8362
7840
6842
6284
4131
7123
4200
194
685
831
2419
9391
1957
1222
9441
1310
5126
4353
7402
4809
6747
6973
6870
6608
7196
1257
9137
8642
5692
5263
4880
2190
1140
9590
6785
2682
4227
5049
1427
216
1449
1296
3860
10312
663
1597
437
6332
1741
1442
8942
8706
713
3388
329
3309
2942
4637
2503
5185
4955
2091
2853
6609
4907
1158
8970
10231
9233
5294
3447
684
9800
8477
4111
6823
8682
1401
1209
1206
10169
4487
4879
1245
3129
8647
1579
1908
573
5552
6896
5996
9218
4914
1595
3347
1096
9237
128
10057
9293
1638
5271
6280
5257
3280
5668
4597
5733
4988
7586
532
9250
1515
4508
5860
9469
551
7030
5672
2971
2825
907
3498
460
464
90
5212
1453
1668
7218
10060
9427
1217
5915
4273
1220
6211
5008
640
1147
6684
9631
4886
4853
9549
5853
5514
733
4492
8335
1594
4506
644
825
1620
1629
10333
1190
2660
9171
167
8286
3523
1588
8911
1244
6784
10011
4896
197
1628
2061
4340
3211
5908
2414
3565
6935
3672
1787
86
7097
293
669
2425
1503
5655
6832
661
1178
4858
6932
8701
81
4256
2253
9243
8968
2727
410
6275
166
7755
2443
8557
5391
5225
1510
9816
1709
6289
8971
8227
5152
4994
7130
9798
4967
9584
4619
3105
1831
9116
4723
799
4055
553
3226
2654
2969
9460
8099
4018
8585
6806
1039
9956
1715
4911
8584
1282
655
4617
7551
2185
3781
7988
3583
5247
1381
5452
5508
6601
8675
1236
10171
347
1386
8356
9183
1767
59
7435
1105
419
6944
1493
6222
7518
4613
8294
175
8991
6877
5409
5695
5364
8668
7548
5470
9457
5798
1382
5932
6726
4601
8043
659
2938
5242
2385
2444
929
4140
8885
9923
2652
9546
10137
3548
8355
7979
6930
3385
8709
3374
607
8946
6756
2003
687
4363
9626
6795
4738
3604
1148
2658
10152
7338
5657
905
8982
1922
2050
9082
8113
5082
8243
7682
2326
3605
2289
8428
5565
1652
6385
7145
10155
1576
3137
4905
1743
8440
5330
702
9298
6549
3153
3272
1026
1610
8530
1315
9734
10288
8327
5931
3195
9244
9783
5362
1675
272
8095
484
4854
5776
502
1798
2873
3889
2436
276
2809
8485
677
1118
7731
10285
3763
5121
8295
722
3247
7891
1738
6121
60
8936
7272
6849
6965
4636
1202
8283
6202
2671
855
1859
7672
1191
6679
9119
6189
2321
5836
8109
1080
6354
3365
66
10224
3508
10101
7015
7545
7571
1987
1159
4149
597
5634
8364
4944
9151
8340
9944
628
6855
256
4872
7570
9731
3567
5376
3307
61
7523
7938
3848
1046
1990
5248
1447
3866
6765
3157
6502
3856
407
9840
4010
9740
896
2636
5026
5779
3398
9667
1618
4534
2972
309
2738
8178
6399
1744
5208
9805
6701
10326
9283
1855
5684
601
1433
8839
5929
6464
9049
7733
4159
9825
5062
5341
4913
1491
9844
4982
271
8617
1611
2065
8685
2959
2512
5542
8353
5132
3028
1231
6672
4821
5158
4649
9361
8367
8640
4428
3734
4552
7718
4897
5297
9078
4202
5191
3107
1334
1528
144
596
5380
1980
510
3179
8443
3236
7007
5300
4729
9792
8311
3521
9376
8602
637
2367
4405
1839
842
4980
4036
720
7417
8097
5810
6359
5829
4129
2599
7693
7121
1901
1204
5440
1250
6856
581
9672
5252
6061
4703
2478
1035
8308
7184
4938
1508
2675
7975
8434
2970
9757
6917
6569
5349
4494
2121
6738
9385
1955
9772
6645
4555
232
10283
9186
493
701
6456
9935
6759
1817
3946
3492
7922
6570
8596
6644
6670
2242
145
9899
6152
695
4461
9939
1680
4654
6479
4223
5845
9192
746
10056
3525
62
5194
1745
325
5772
912
6610
9910
1082
3382
8655
750
7642
7799
7541
3717
9518
9624
9551
8796
9399
8276
7824
7510
3183
2164
6278
6964
6327
4657
6408
5298
6244
5401
3308
4057
5227
4132
8945
8319
105
117
5006
7161
7542
3393
1099
7638
4347
3341
8274
2247
5817
1426
1317
554
2158
3471
1126
8648
3027
9951
6349
4758
2862
4710
6574
6065
2323
4976
7771
1961
9364
732
9701
10035
2457
339
1134
4540
9510
7405
3454
108
557
2199
1400
6308
1113
2841
3607
3060
242
10275
6710
1457
610
8277
9802
8692
7068
6780
6628
9159
4950
6581
2497
3162
10054
8282
3031
8336
262
4081
2374
5595
387
9371
6863
8339
2035
8797
1581
6943
4520
1557
9823
9360
1102
9007
3829
9819
8228
7300
5523
10055
7228
9050
471
316
1393
1692
4574
3898
848
9398
8380
7252
8107
10244
9702
8941
2344
1314
2052
8123
6342
7067
452
4511
5953
7772
8160
1784
275
1562
3416
3917
10181
5487
9655
5831
310
579
10096
6429
5290
3116
9669
6858
4147
1243
9663
4194
1283
507
7436
235
754
4591
3400
4811
2027
9796
5882
8423
2053
8815
5713
7422
3580
9888
1169
2399
2756
5545
3813
1964
9258
6449
565
7720
9692
5265
4443
7526
7045
729
9771
8059
863
6394
4936
1708
192
9841
1584
8527
9428
9542
9699
6261
6452
965
8315
6494
3510
6500
1756
4888
9335
8562
3757
9507
3886
1979
6016
514
10157
9635
2934
33
2294
343
5770
4685
214
8939
3907
9505
767
5795
4807
1106
2817
7142
5582
3675
6406
5466
6875
5807
3761
2844
24
9489
1435
9818
3660
6281
4660
779
2877
9212
3166
473
3359
7383
6364
8774
8888
4797
4563
9388
8977
1654
9640
2487
4633
9251
6147
5065
680
7576
704
9459
709
6685
7409
728
2258
7703
1218
5916
559
5945
5284
9479
6312
6424
8079
4186
7673
365
9515
6700
5534
6136
1219
7168
1555
4791
8985
1424
7582
5806
3816
3354
7154
1252
986
3299
7669
267
8096
251
5983
1537
1779
8248
10021
2780
3606
1154
5675
4671
3830
442
7072
5270
3098
65
6205
7595
5141
4870
233
8209
7258
616
4425
4856
2105
7404
10255
4573
6019
5690
809
3967
5961
5537
933
7539
5399
3665
4634
6922
1791
3127
8613
9854
5642
5767
3870
277
609
814
7190
6330
6890
3612
8887
8184
9464
6661
7384
10000
4408
7709
8296
5867
1288
6931
296
6466
5098
7114
1011
5224
602
5773
1439
5379
7567
3766
4189
2434
7516
8552
1392
7469
3204
5667
351
7298
2145
4668
584
625
6777
6010
560
6933
7351
9858
9332
1600
7104
4478
8556
9718
5741
3348
178
5533
1084
1211
1626
9654
2150
7118
3920
10045
1748
2674
9417
3220
8144
2157
6757
3984
2166
5455
3891
5203
5801
1171
1752
3364
5214
10191
5632
635
2152
1049
3738
2077
9964
8306
4787
6735
7485
2928
10233
3884
9657
3224
582
1313
8266
1518
1846
1568
6212
783
281
3733
6810
7167
2216
5914
7616
8735
585
6370
10239
2331
6530
5674
785
9129
5676
1524
6476
5169
3749
6316
477
1729
9222
6695
6299
2984
3864
1406
647
83
8186
